 2.705647e+04  3.699106e+06  6.765571e+05
-1.128091e+05  4.126507e+06  8.397078e+05
-2.630053e+04 -2.100279e+06  5.251902e+05
-3.036996e+04 -1.012807e+07  5.659316e+05
-2.806571e+04 -6.790197e+06  6.178355e+05
 2.941927e+04 -1.242031e+07  6.784572e+05
 1.422011e+04 -5.807725e+06  7.088722e+05
-1.268720e+05  1.609180e+06  9.894025e+05
 6.436014e+04 -8.272788e+06  6.528236e+05
 8.207996e+05 -6.450960e+05  5.719323e+05
 2.445115e+04 -9.172416e+06  7.230582e+05
 1.144357e+05  1.264552e+07  6.176831e+05
 3.848542e+05  6.569698e+05  6.191912e+05
 1.995455e+05 -9.797753e+06  1.130925e+06
-2.332201e+05 -3.009014e+06 -6.954874e+03
 5.948285e+04 -5.610513e+06  6.520486e+05
-1.366493e+05 -3.948222e+06  5.194032e+05
 1.730435e+05  2.133273e+06  6.894345e+05
 4.100424e+04 -4.422371e+06  7.035794e+05
 3.060875e+04  3.531024e+06  1.036880e+06
-6.562460e+04  1.028994e+07  6.280337e+05
-9.556642e+04  6.945978e+06  1.024877e+06
-1.712241e+05 -1.150345e+07  1.457598e+05
 4.977239e+04  4.192447e+06  9.852279e+05
 7.053057e+04 -9.760206e+06  8.193311e+05
 6.806147e+03 -5.427534e+06  2.504822e+05
-1.103712e+04  3.647085e+05  4.591956e+05
-2.134045e+04 -7.164694e+06  8.500749e+05
-1.031357e+05  1.000342e+07  8.833267e+05
-1.451654e+04  7.307752e+06  2.928295e+05
-2.717748e+05 -1.158210e+07  6.021706e+05
 9.348526e+04 -1.034847e+07  5.585766e+05
 8.153833e+04 -7.285944e+06  7.084004e+05
 1.689265e+04 -7.753624e+06  5.411997e+05
-1.081396e+04 -6.168796e+06  2.432774e+05
-5.203093e+04  9.075202e+06  2.582235e+05
-3.373525e+04  7.340279e+05  7.938564e+05
-8.122583e+04  3.500661e+06  1.294953e+06
 3.061442e+04 -1.313111e+07  2.217774e+05
-1.652077e+05  3.766574e+06  9.655455e+05
 1.152627e+05 -8.300035e+05  6.815581e+05
-3.640619e+04 -6.474568e+06  2.555324e+05
-2.449036e+04 -9.888951e+06  2.849797e+05
 6.894365e+04  1.237462e+07  1.167355e+05
 5.824647e+04 -3.256886e+06  7.710676e+05
-1.539841e+04 -5.088160e+06  5.490433e+05
-5.610942e+04 -6.436987e+06  5.356036e+05
 9.407944e+04 -5.194462e+06  8.077248e+05
 2.249065e+05  1.478943e+06  8.621174e+05
 8.687789e+03 -8.141858e+05  5.315849e+05
 1.491975e+05  8.242784e+06  2.959209e+05
-6.838268e+04  4.146931e+06  1.212145e+06
-4.296067e+05 -1.989866e+06  4.565924e+04
 1.522471e+05 -7.882528e+06  8.997852e+05
 1.167448e+05  1.009522e+07  4.061957e+05
 6.343783e+05  1.152506e+07  1.003874e+06
 1.175856e+05 -4.310661e+06  6.925375e+05
-1.233016e+05 -9.751187e+06  4.001994e+05
-8.505447e+05 -1.365843e+07  1.438652e+06
 4.336911e+05  6.978835e+05  1.276964e+06
-1.201051e+05  3.059796e+06  9.580261e+05
 5.321865e+04 -1.060873e+07  3.572779e+05
 1.260519e+05  1.032191e+05  3.660582e+05
 1.047665e+06  8.470363e+05  1.768073e+06
 1.165479e+05 -8.527119e+06  1.417163e+06
 1.041196e+05  6.828115e+06  5.894111e+05
-4.247249e+04 -8.488830e+05  5.506879e+05
 7.431129e+04  4.907436e+06  5.459828e+05
 2.087934e+04 -6.456204e+06  6.697453e+05
-1.063722e+04 -9.884606e+06  6.501104e+05
-1.611422e+05  1.206217e+07  8.513621e+05
 2.542294e+05  4.814069e+06  1.401809e+06
 9.622232e+04 -7.503017e+06  8.769476e+05
-2.065454e+06 -8.217191e+06  1.136254e+06
 1.138859e+05 -5.846521e+06  9.849229e+05
-2.222464e+05  9.779222e+06  1.097509e+06
 5.127700e+04  5.230149e+06  8.917725e+05
 1.045928e+06  1.160847e+07  1.353552e+06
-2.710814e+05 -2.549448e+06  2.861113e+05
 6.208154e+05  8.854592e+05  1.328518e+06
-7.550703e+04  5.721129e+06  1.220778e+06
 1.113198e+05  4.441754e+06  6.528341e+05
-8.144089e+04 -1.065717e+07  1.189278e+06
-5.413780e+04  1.427494e+06  1.643722e+06
 1.312947e+05  1.632395e+06  1.423092e+06
 2.222393e+04 -1.415771e+06  1.410286e+06
-1.390753e+06 -7.979730e+06  1.081487e+06
 3.455994e+04  1.598170e+06  1.360794e+06
-1.216132e+06 -1.157937e+07  1.351294e+06
-5.675463e+04  1.034941e+06  1.127928e+06
 9.663657e+04  1.775738e+06  1.268253e+06
 1.944624e+05  1.334240e+06  1.424842e+06
-9.399571e+04  1.261531e+06  1.381187e+06
 1.419941e+04  1.602725e+06  1.201695e+06
 2.717806e+05  5.696421e+05  1.503520e+06
 1.192658e+05  6.481889e+05  1.200461e+06
-2.480906e+05  6.220736e+06  1.547356e+06
 2.981283e+04 -1.158044e+07  8.292266e+04
 3.109019e+04  8.732263e+05  1.474782e+06
-1.282576e+04 -5.302332e+06  7.944667e+05
-3.153351e+04  3.875509e+06  1.469683e+06
 2.161686e+05  7.845312e+06  1.078100e+06
-4.459384e+02  5.269638e+06  1.219993e+06
-2.146743e+05 -3.132624e+06  6.649345e+05
 2.071568e+05  1.773101e+06  1.081161e+06
 3.361442e+05  1.270150e+06  1.256973e+06
 2.536822e+05  1.066012e+06  6.219340e+05
 1.435972e+05  2.280721e+06  8.616873e+05
-9.401557e+03 -1.994373e+06  1.324132e+06
-1.626354e+05 -2.438242e+06  1.009561e+06
-1.230925e+05 -1.994575e+06  1.134463e+06
 3.575360e+03 -1.632758e+06  1.463219e+06
-4.980578e+04 -7.615517e+05  1.250386e+06
-2.141267e+04 -1.190134e+06  1.584154e+06
-1.094766e+05 -1.445534e+06  1.208867e+06
-7.346105e+03 -6.354257e+05  1.659464e+06
 6.573775e+03 -1.438132e+06  1.629156e+06
-6.577368e+04 -1.642329e+06  1.189276e+06
 1.657011e+06  3.303373e+05  1.071187e+06
-2.357593e+04 -8.730310e+05  1.220701e+06
 1.538768e+06 -3.758929e+03  4.554079e+05
-1.716541e+05 -2.807082e+06  8.638753e+05
 1.725915e+04 -7.589140e+05  1.691858e+06
-5.834005e+05 -1.666859e+06  6.679824e+05
 4.862789e+05  1.109690e+05  6.806012e+05
 3.590612e+04 -7.226667e+06  3.395289e+05
 1.034481e+04 -9.037547e+06  2.728668e+05
 2.439912e+06  3.562580e+05  1.322216e+06
 2.352863e+06  1.221276e+05  5.180385e+05
 2.069479e+04 -1.641791e+06  1.660026e+06
 1.243816e+04 -2.119636e+04 -2.309350e+05
 2.312373e+06 -8.163654e+03  5.914362e+05
-5.712221e+04 -1.239666e+06  1.403105e+06
-1.961463e+05 -1.638450e+06  1.119082e+06
 3.337745e+06  4.502179e+05  1.586877e+06
 1.021516e+06  3.532216e+05  8.111022e+05
 1.935610e+06  2.522675e+05  1.684051e+06
-5.181972e+04 -1.845668e+06  1.153970e+06
 4.258094e+06  6.253685e+05  1.870645e+06
 1.698659e+06  1.472484e+05  1.432720e+06
 6.995224e+05  6.578438e+05  9.755431e+05
 8.924492e+05 -7.887849e+02  3.276278e+05
 8.529552e+04  1.082131e+07  6.611625e+05
 1.843922e+06  4.857884e+05  1.904333e+06
 2.568496e+05  1.074157e+07  1.275712e+06
 4.029266e+03 -7.946075e+06  1.456571e+05
-8.750874e+05 -3.109037e+06  1.293345e+06
-3.552558e+04 -8.590946e+06  1.896803e+05
 3.486209e+04  1.844079e+06  1.164330e+06
 1.314549e+06  1.079814e+05  1.193528e+06
 1.090003e+04  1.677211e+04  1.231328e+06
 8.838236e+04  1.322201e+07  6.850808e+05
-5.165012e+04  1.321715e+07  1.897334e+05
 1.304238e+06  1.115287e+05  3.872342e+05
 1.599787e+05  3.359675e+05  7.990115e+05
-5.491865e+04  1.597180e+06  1.659177e+06
 4.138075e+04 -9.847986e+06  2.714943e+05
 5.463667e+05  1.406564e+07  1.041134e+06
 4.274297e+05  1.059607e+06  9.775583e+05
 7.928285e+04  4.838799e+06  9.940418e+05
 1.365958e+05  6.367800e+06  8.209769e+05
-1.202668e+05  4.293463e+06  1.400202e+06
-2.288935e+04 -9.788578e+05  1.194800e+06
-5.743657e+04  4.534308e+06  1.763933e+06
 3.571780e+04  1.144460e+06  2.782204e+05
 5.559158e+05  1.230827e+05  2.512293e+05
-1.893041e+04  1.390917e+07  2.521868e+05
 1.113597e+05 -4.309141e+06  1.355639e+06
 2.415708e+05  1.658040e+07  3.850074e+05
-2.847573e+05 -5.572753e+05  1.254555e+06
-7.871185e+05 -3.053589e+06 -1.526104e+05
-2.931910e+05 -1.243315e+06  1.102898e+06
-8.154471e+04  2.525179e+06  1.603117e+06
-2.527816e+04 -4.765951e+06  8.839279e+05
-1.014295e+05  5.798980e+06  1.674957e+06
 6.912345e+03 -6.816622e+06  2.355704e+05
-4.635302e+04 -4.052148e+06  3.816318e+04
-1.720901e+04  6.804678e+06  2.814283e+05
 6.294161e+04 -3.678633e+06  1.524945e+06
 6.345674e+04  1.587609e+07  2.265312e+05
 1.510435e+04  2.626458e+06  3.068126e+05
 3.174617e+06 -1.583392e+04  7.783232e+05
-1.196073e+05 -7.405073e+05  1.360520e+06
 3.726393e+06  1.714411e+05  6.781027e+05
 1.028179e+05 -4.175457e+06  1.751419e+06
-1.752372e+06 -5.006778e+06  7.968761e+05
 3.161921e+04 -1.843392e+06  1.686673e+06
 2.095535e+04 -1.046887e+07  2.750289e+05
 4.054336e+04 -3.286412e+06  1.504913e+06
 1.336724e+04 -8.723949e+05  1.706494e+06
 5.838831e+03 -8.870309e+06  2.807960e+05
-9.112842e+04 -4.306300e+06  8.832016e+05
-4.380787e+04 -2.913572e+06  1.082237e+06
-7.702476e+04  8.596019e+06  8.104319e+05
 6.747748e+04  3.743849e+06  9.904664e+05
 6.426429e+04 -2.593553e+06  1.584485e+06
 6.350421e+04 -1.199351e+07  8.282185e+05
 1.459988e+04 -1.312025e+07  2.519543e+05
-6.001417e+03  2.017325e+04  1.278784e+06
-1.254056e+05 -9.833046e+04  1.496856e+06
-6.682552e+04 -1.569309e+07  2.762688e+05
-4.694506e+04  4.743007e+06  3.994718e+05
 9.998419e+04  4.862286e+06  8.553100e+05
 1.460396e+06  5.243914e+05  1.545155e+06
 5.599649e+03  1.333887e+07  2.394745e+05
-1.434908e+04  6.826511e+06  2.592107e+05
-1.121499e+05 -3.682324e+06  9.747026e+05
-7.896675e+04 -1.000588e+05  1.382815e+06
 1.313190e+04  1.509523e+06  1.098752e+06
-1.004962e+05 -4.336822e+06 -2.317022e+05
 9.537828e+04 -3.944070e+06  1.301788e+06
 1.202422e+04  9.255765e+06  6.940006e+05
-1.137012e+05  7.602732e+06  1.505761e+06
 2.500029e+05  1.560080e+06  4.112362e+05
-2.923282e+04 -3.398407e+06  8.301458e+04
-2.090710e+04 -2.916444e+06  1.036644e+06
 3.720140e+02  7.115062e+06  1.080026e+06
-2.214718e+04  7.153895e+06  6.421874e+05
 8.948735e+05  1.034856e+05  9.513069e+05
-1.861403e+04 -4.071094e+04  1.108366e+06
 4.002665e+04  1.531825e+07  2.232496e+05
-3.150866e+04  1.078319e+07  6.593039e+05
-3.040708e+05 -7.403475e+05  1.132404e+06
-2.005094e+04  1.025421e+07  2.490408e+05
-3.066221e+05 -8.395849e+05  9.646976e+05
 2.164947e+05 -6.349918e+06 -3.341422e+05
-7.900633e+04 -5.179567e+06  7.357371e+05
 5.264777e+04 -2.322807e+06  1.564477e+06
-1.461152e+04  1.025221e+07  6.475902e+05
 3.489279e+05  3.552658e+05  1.630143e+06
 3.160009e+03 -4.460420e+06  9.721593e+05
 4.547216e+03 -1.210164e+07  2.812242e+05
-4.499860e+04 -2.596922e+06  1.113297e+06
 2.991653e+04 -1.414577e+07  1.208400e+05
-1.327927e+04  6.345022e+06  2.643437e+05
-3.829394e+04  1.134244e+07  2.808669e+05
-1.305093e+04  6.058456e+06  2.943046e+05
-1.126682e+04  9.267435e+06  2.496486e+05
 3.719678e+05  5.101485e+05  1.698725e+06
-1.252720e+04 -6.973760e+03  1.120326e+06
-4.695730e+04 -4.067688e+06  9.816983e+05
-2.017368e+04 -4.416786e+06  1.055968e+05
 6.740121e+04  9.791704e+06  5.818467e+05
 1.452473e+05 -4.544504e+06  1.160883e+06
 1.503060e+04  7.400289e+06  2.621971e+05
 5.092433e+04  2.906070e+06  1.086944e+06
-1.438785e+04  1.498980e+06  1.928981e+06
 1.171523e+05 -1.061090e+05  1.351066e+06
-1.350571e+05 -1.667336e+07  4.028304e+05
-5.907346e+04 -1.493611e+07  1.913905e+05
 7.501846e+03  8.004860e+06  2.599999e+05
-5.755726e+04 -7.923965e+05  7.564120e+05
-6.290442e+03 -5.479649e+03  1.956864e+06
-2.283797e+05 -8.489684e+05  7.866092e+05
 3.950539e+05  4.869072e+05  1.757480e+06
 3.556336e+04  8.469953e+06  6.023224e+05
-4.641214e+05 -1.837762e+06  3.883743e+05
-9.122305e+02  5.412602e+06  2.624840e+05
-6.821723e+04 -8.593725e+06  2.757852e+05
-1.779690e+05  2.127598e+04  1.428499e+06
 5.037175e+03 -5.345410e+03  1.107917e+06
 8.580585e+05  3.366355e+05  1.645107e+06
 6.663554e+04  3.675910e+05  1.620101e+06
 4.436945e+04  8.611457e+06  2.734000e+05
 6.476545e+04 -3.334297e+06  1.245650e+06
 5.936119e+05  1.221410e+04  1.359330e+06
-2.688527e+04  1.395097e+06  1.902069e+06
-6.873459e+03  7.555549e+06  6.870290e+05
 3.562681e+04  4.544077e+06  9.631015e+05
 3.094670e+04  7.435487e+06  7.431412e+05
-1.750918e+04  7.945067e+06  1.011061e+06
 1.677544e+05  2.845205e+05  1.211415e+06
-1.497873e+04  5.833222e+06  2.541532e+05
 9.365273e+05  5.608219e+05  1.721384e+06
 2.345084e+04  2.720437e+06  2.982810e+05
 8.968949e+04  6.812669e+06  5.210721e+05
-1.550131e+04  1.080906e+07  2.484420e+05
 4.226734e+04 -1.397636e+06  1.896855e+06
 1.672787e+04  1.271713e+07  2.445135e+05
-8.247569e+04 -3.885831e+06  8.745308e+05
 3.285373e+04 -2.438439e+06  1.390531e+06
-1.916762e+04  5.226649e+06  6.799084e+05
-8.958229e+03 -1.400005e+06  1.091305e+06
-1.476922e+05 -2.950357e+06  1.005112e+06
 4.346038e+05  6.885993e+05  1.671194e+06
 3.128647e+04  1.096063e+07  2.280120e+05
-1.737787e+04  7.951160e+06  6.614485e+05
 9.237192e+05  4.239845e+05  1.762229e+06
-1.448202e+05  2.446534e+04  1.585595e+06
-4.181182e+04 -2.053747e+06  1.142205e+06
 3.201725e+05  4.731869e+05  1.621386e+06
-9.621465e+04 -1.617327e+06  1.064172e+06
-7.631907e+03  8.727293e+06  2.883992e+05
 5.861222e+03 -1.546250e+06  1.910431e+06
-2.727946e+04  6.822516e+06  6.566373e+05
 9.049682e+05  3.704137e+05  1.686281e+06
 6.109818e+04 -2.793742e+06  1.217828e+06
-1.858199e+04 -6.472053e+03  1.830712e+06
 3.073303e+04 -1.282572e+06  1.844081e+06
-2.881669e+04 -5.774093e+06  8.468631e+05
-1.929235e+05  2.677523e+05  1.447175e+06
-1.066255e+04  1.277218e+06  1.854709e+06
 5.479709e+03  2.664762e+06  1.082515e+06
-9.947478e+04 -3.288123e+06  9.093693e+05
-1.280970e+05  4.537870e+05  1.673255e+06
 3.228932e+02  9.774784e+06  6.690970e+05
 1.657294e+04  1.402076e+07  2.081569e+05
-4.282229e+04  5.218763e+06  1.023606e+06
 1.632539e+04  1.213461e+07  2.485325e+05
 7.970975e+03  1.022819e+07  2.220232e+05
 1.822575e+06  5.012529e+05  1.728057e+06
-6.681644e+04  3.416213e+06  3.093074e+05
 2.087231e+04 -3.082015e+06  1.030659e+06
-2.487094e+05 -2.736248e+05  1.328422e+06
 3.155741e+04  1.397565e+06  1.090607e+06
-1.138554e+05 -5.555298e+05  1.492058e+06
 8.426725e+04 -3.543883e+06  1.683812e+06
 6.594868e+04  1.271279e+06  1.091644e+06
 2.597026e+04  1.155663e+07  2.466205e+05
-9.891508e+04 -1.544147e+07  2.120481e+05
-1.714184e+05 -3.688916e+06  6.971721e+05
-6.147922e+04  3.548291e+05  1.645613e+06
-2.634447e+05  8.703443e+06  1.327083e+06
-1.666311e+05  6.346812e+05  1.428168e+06
 8.665333e+03  5.620324e+06  3.152814e+05
-1.533335e+05  6.726907e+05  1.676461e+06
-2.422424e+05 -9.172070e+05  1.216637e+06
 4.901258e+03 -5.659023e+03  1.882696e+06
 7.982361e+05  5.887627e+05  1.707480e+06
-9.875539e+04 -1.048417e+05  1.385323e+06
 1.820415e+04  2.471791e+06  1.136487e+06
-8.094270e+04 -8.333022e+05  9.635221e+05
 1.636183e+04  5.859802e+06  6.989894e+05
-1.208905e+03 -1.090238e+07  2.573695e+05
-6.390523e+04  1.271125e+06  1.287964e+06
 3.367979e+04 -5.140121e+06  2.123422e+05
-8.918111e+04 -1.270738e+07  2.458361e+05
-1.872308e+04 -1.425169e+07  1.641027e+05
-9.388887e+04  2.360971e+06  1.751457e+06
 1.037615e+05  5.524811e+05  1.744356e+06
 6.530333e+04 -4.026373e+06  8.905846e+05
-1.673512e+05  2.807049e+06  1.342105e+06
 5.550926e+06  2.886236e+05  9.254400e+05
-1.225601e+05  1.735918e+06  1.551970e+06
-4.763508e+04 -2.477254e+06  1.077590e+06
-7.195017e+04  1.492489e+06  1.376940e+06
-1.749125e+05  1.788941e+06  1.403554e+06
 6.993383e+04  4.536287e+05  1.591029e+06
 2.187799e+04  2.310793e+06  1.175738e+06
-1.502515e+05  1.017670e+06  1.645056e+06
-1.399881e+05  2.697068e+05  1.635196e+06
 3.782843e+04 -1.983784e+06  1.516114e+06
-1.484473e+05  1.721754e+06  1.507672e+06
-1.300823e+05  9.070454e+05  1.684171e+06
 7.466184e+03  3.246308e+06  9.915589e+05
-1.016987e+05  2.538480e+06  1.495370e+06
-5.607322e+04  6.729468e+05  1.549775e+06
 6.045614e+04 -1.241775e+07  2.320443e+05
-2.425121e+04  2.016802e+06  1.198928e+06
-1.949389e+04  9.767489e+06  2.535436e+05
-9.257486e+04  1.277311e+05  1.636307e+06
-1.017037e+05 -2.689699e+05  1.582477e+06
-1.334940e+05  2.369500e+06  1.224289e+06
-5.384179e+04 -9.121130e+05  1.529149e+06
-9.325110e+04  6.382608e+05  1.646266e+06
-1.573927e+05  1.248223e+06  1.612884e+06
-6.832546e+04  4.804278e+04  1.661381e+06
-1.904690e+05  1.254514e+05  1.358043e+06
-2.882975e+04  6.878412e+05  1.678207e+06
-4.430967e+03  1.714530e+06  1.353615e+06
-9.763719e+04  4.163122e+06  1.759696e+06
-1.120032e+05  1.126972e+06  1.367858e+06
-1.530537e+05 -1.195578e+06  1.213153e+06
-1.786142e+05 -4.887231e+05  1.287902e+06
-1.264546e+05 -4.997544e+06  8.622638e+05
-9.015263e+04  1.019736e+06  1.480883e+06
-2.260601e+04 -3.849743e+06  1.005737e+06
-8.217924e+04  8.460464e+03  1.293800e+06
-7.400624e+04  6.932468e+05  1.295711e+06
-6.390352e+04  1.371102e+06  1.270478e+06
-1.208697e+05  4.688995e+04  1.311455e+06
 3.346450e+03 -1.283357e+06  1.108298e+06
-4.633137e+04  2.899721e+06  1.887201e+06
-1.085230e+05 -6.397298e+05  1.272078e+06
-1.298061e+05  6.352330e+05  1.646283e+06
-5.464011e+04 -4.851060e+05  1.613620e+06
 4.051455e+04 -1.177667e+06  1.813059e+06
-9.975431e+04  1.268671e+06  1.622055e+06
-1.148597e+05  1.125538e+06  1.622525e+06
-3.660577e+05 -1.633453e+06  7.068742e+05
-5.331037e+04  6.837805e+05  1.723479e+06
 4.290452e+05  3.343323e+05  1.155880e+06
 6.401293e+04 -2.673197e+06  1.813878e+06
-1.270622e+05  2.105188e+06  1.488039e+06
 8.379580e+04 -5.369233e+06  1.383544e+06
-8.321670e+03  6.349096e+06  6.856843e+05
-5.877931e+04  2.672425e+06  1.815426e+06
 5.229398e+04  2.362564e+06  1.085057e+06
-1.763051e+04 -1.103125e+04  1.801066e+06
-1.098038e+05 -6.408762e+06  7.861113e+05
 2.015265e+06  4.798501e+05  1.782210e+06
 4.037694e+06 -3.756567e+04  1.094099e+06
 4.171945e+04 -4.517126e+06  1.584407e+06
-1.287173e+05  6.383392e+05  1.346591e+06
-2.735158e+04 -3.549310e+06  1.035234e+06
 1.508001e+05 -5.981945e+06  1.423045e+06
-3.194655e+05 -1.464312e+06  9.420386e+05
 8.158891e+06  5.190284e+05  1.354522e+06
-1.156398e+04  2.780878e+06  1.075909e+06
 5.997670e+04  4.215194e+06  9.462179e+05
 2.302006e+04  2.906838e+06  1.046528e+06
-1.490966e+05  1.489885e+06  1.573909e+06
-1.024816e+05 -8.234431e+05  1.179920e+06
-6.028856e+04  1.736944e+06  1.276669e+06
-7.731984e+04 -2.331481e+06  1.125760e+06
 8.408922e+04 -5.338267e+06  1.626198e+06
-7.298409e+04  3.656503e+06  1.513496e+06
-7.659432e+04  3.712790e+06  1.257613e+06
-1.766413e+04  2.095464e+06  1.227090e+06
-4.043942e+04  4.831801e+06  9.983420e+05
-7.017801e+04 -7.738641e+06  6.312250e+05
 1.171189e+05 -7.926068e+06  1.331680e+06
 2.398245e+04 -2.272869e+06  1.758145e+06
-1.475879e+04 -2.816419e+03  1.146866e+06
 3.364169e+04 -2.917884e+06  1.443699e+06
-3.996679e+04 -2.677006e+06  1.053356e+06
-3.383780e+05 -6.678185e+06  7.961894e+05
 2.048483e+04 -4.769063e+06  1.424542e+06
 7.323953e+04 -3.845139e+06  1.716174e+06
-2.133171e+05  7.187349e+06  1.456227e+06
-1.213228e+05 -9.612052e+06  4.128606e+05
-1.183881e+05 -3.316056e+06  9.820078e+05
-2.170573e+04 -4.794141e+03  1.779158e+06
-5.150275e+03  1.206540e+06  1.832326e+06
-4.160224e+04 -4.173520e+06  9.647697e+05
-8.396811e+04  5.493806e+06  1.214965e+06
-5.662994e+04 -6.929703e+06  7.492641e+05
 3.028007e+04 -2.473415e+06  1.785065e+06
-2.759469e+04  3.825702e+06  1.739161e+06
-1.620337e+05  2.324932e+06  1.357147e+06
-5.369131e+04 -5.908271e+06  7.970906e+05
 2.212952e+03 -1.178901e+06  1.137996e+06
 4.323767e+04 -2.917464e+06  1.632560e+06
 7.518684e+04  1.211964e+05  1.114453e+05
 2.076922e+04  1.068126e+06  1.803605e+06
 5.307766e+04 -3.084320e+06  1.888329e+06
-6.474405e+04  2.218356e+06  1.741149e+06
-1.155963e+04  4.842243e+06  7.064196e+05
 5.840536e+01 -1.518293e+06  1.099454e+06
 6.721950e+04  3.045744e+06  9.357686e+05
-7.337828e+04  5.265506e+06  1.628201e+06
 1.088092e+05  5.814690e+06  8.261805e+05
-1.122196e+04 -3.617577e+03  1.747921e+06
 4.248001e+04  3.171988e+06  1.046109e+06
-3.815318e+05 -8.373203e+06  8.228053e+05
 5.460009e+05  1.560003e+06  6.593603e+05
-2.779127e+04 -1.279702e+04  1.185659e+06
 6.221799e+04  1.208565e+06  1.111366e+06
-1.312747e+04 -9.418141e+03  1.203948e+06
 2.094612e+05 -7.146477e+06  1.288816e+06
 1.780125e+06  2.906624e+05  1.545669e+06
-1.100463e+05 -4.947184e+06  9.597838e+05
 3.874607e+04 -1.075936e+06  1.789390e+06
 1.368071e+04  3.749686e+06  1.007093e+06
-2.095483e+04  7.960089e+05  1.710915e+06
-2.945904e+04  1.505775e+04  1.690241e+06
 6.248524e+03 -9.768252e+05  1.752085e+06
 4.929515e+04 -4.932847e+06  1.620770e+06
-3.180196e+05 -7.993811e+06  1.608307e+06
-8.939202e+04 -6.244987e+06  1.768988e+06
-2.931402e+04 -1.078568e+06  1.170715e+06
-1.420403e+05 -8.060261e+06  7.206585e+05
 2.763119e+06  7.894626e+06  1.124136e+06
 2.512108e+04 -2.050386e+06  1.721928e+06
-1.359078e+04  9.516197e+05  1.748725e+06
-3.526675e+05 -1.599836e+06  3.968650e+05
 1.749318e+03  1.080750e+06  1.160802e+06
-1.310605e+04  7.985393e+05  1.246449e+06
 8.117214e+04 -3.239437e+06  1.657691e+06
 1.419569e+05 -6.436156e+06  1.469889e+06
-1.005168e+05 -5.361676e+06  8.583708e+05
-7.004158e+04 -3.241295e+06  1.048114e+06
 5.767873e+04  4.132982e+06  9.882208e+05
-4.847941e+04  1.832608e+06  1.692517e+06
 1.690933e+04  2.019772e+06  1.156309e+06
 2.056762e+05  1.648770e+06  1.645067e+06
-9.857788e+04  2.843942e+06  1.607141e+06
-3.433785e+04  1.118335e+03  1.260627e+06
-5.390581e+04 -2.276268e+06  1.110399e+06
-9.345687e+03 -8.139673e+02  1.714191e+06
 3.996149e+02  9.655506e+05  1.200162e+06
-8.080472e+04 -3.132879e+06  1.020844e+06
 8.333862e+04 -4.471471e+06  1.802791e+06
 3.117995e+04  8.556517e+05  1.220462e+06
-3.475215e+04  8.651866e+05  1.710441e+06
 1.522274e+04 -2.928314e+06  1.898488e+06
-6.342544e+03 -4.549511e+03  1.214254e+06
 6.720970e+05  3.153403e+05  1.435218e+06
-9.022822e+04 -4.560558e+06  9.108913e+05
 1.658816e+06  4.739474e+06  7.904978e+05
-1.686217e+04 -5.334880e+06  8.409140e+05
 7.508914e+05  3.012717e+06 -1.616421e+05
 5.513877e+04 -4.102317e+06  1.537403e+06
 8.143189e+05  7.217179e+05  1.583750e+06
 1.350624e+06  6.096567e+06  7.553121e+04
 7.110666e+05  3.246661e+06  1.274763e+06
 1.062871e+06  5.813714e+05  1.288653e+06
 9.190441e+03  5.652160e+06  9.791578e+05
-5.802725e+03  5.738510e+06  1.026457e+06
-1.432907e+05  1.320060e+06  1.531243e+06
-2.762223e+04  7.547409e+06  1.007519e+06
 3.587190e+04  1.248488e+06  1.492320e+06
-1.153152e+06 -5.495940e+06  9.427673e+05
-2.803881e+05 -2.261931e+06  8.003876e+05
 4.148050e+05  9.800659e+05  1.534732e+06
-2.040588e+04 -7.282581e+06  7.542140e+05
 8.978927e+04  7.099571e+05  1.686127e+06
 7.613745e+03  2.188872e+06  1.122575e+06
-2.431205e+03  3.435024e+06  1.102177e+06
-6.823664e+04  9.654811e+05  1.628440e+06
-7.106515e+04  4.813107e+06  2.828798e+05
 1.153695e+03 -2.249413e+06  1.132080e+06
-7.105655e+04 -1.474023e+06  1.245057e+06
 4.900326e+04  7.390441e+06  5.567729e+05
 8.316710e+04  6.191249e+06  1.007099e+06
 1.631063e+05  9.134632e+05  1.595453e+06
 3.666104e+04 -7.222424e+06  6.887066e+05
-7.639734e+03 -2.410022e+06  9.230214e+05
-1.902066e+04  2.019584e+06  1.705289e+06
 5.596141e+05  3.954882e+05  5.295682e+05
 4.936808e+06  7.922875e+05  2.075226e+06
 1.192704e+05  9.824544e+04  1.203768e+05
 1.228477e+07  6.344529e+05  1.914210e+06
 4.000879e+06  1.143108e+07  1.744135e+06
 3.877077e+04  4.546615e+06  1.941116e+05
-2.466291e+05 -2.005173e+06  9.754301e+05
 8.570254e+03  1.429338e+07  1.907787e+05
 2.117695e+05  2.978892e+06  8.382293e+05
 3.645815e+04  4.112721e+06  1.139590e+06
-9.326599e+04 -4.203306e+06  3.861806e+05
 7.889267e+05  4.713461e+06  4.496101e+05
-1.992961e+04 -1.220350e+07  2.877810e+05
 2.484884e+04  9.117969e+06  6.438595e+05
 6.540625e+03 -2.627744e+06  2.970349e+05
 2.152798e+04  8.200089e+06  1.105353e+05
-1.481113e+04 -9.667988e+06  6.318480e+05
-3.378546e+04 -7.316115e+06  5.466022e+05
-8.631874e+02 -8.025061e+06  2.840848e+05
-1.479998e+05  8.312544e+06  1.058967e+06
-2.747134e+04 -7.415262e+06  2.216693e+05
 8.828858e+04 -6.857455e+06  1.479839e+06
 2.720220e+04  3.752177e+06  3.172621e+05
 2.936962e+05  4.828011e+06  1.407388e+06
-1.429220e+05  1.240560e+06  7.313141e+05
-6.666515e+04 -1.641234e+06  1.051635e+06
 1.074747e+05 -7.366304e+06  1.503233e+06
 4.974363e+04 -5.820591e+06  1.716504e+06
-1.994849e+05  2.355225e+06  1.098376e+06
 2.511413e+04 -1.064449e+07  4.809016e+05
 3.913873e+04 -4.921200e+06  3.527647e+05
-3.414450e+05 -2.532249e+06 -3.212208e+05
-3.824916e+04 -1.156016e+07  2.247948e+05
 3.824732e+05 -2.499454e+03  1.822072e+05
 1.815009e+06  9.440035e+06  4.768590e+05
 4.642249e+06 -1.280704e+05  1.705558e+06
 2.890817e+05 -1.067695e+07  1.004652e+06
 3.516898e+03  1.501995e+07  3.034818e+05
-7.441010e+03 -9.779428e+06  1.435376e+06
-6.930307e+04  4.785348e+06  1.322134e+06
-4.121820e+04 -3.887721e+06  1.256704e+05
-2.549767e+04 -4.099351e+06  2.315825e+05
-5.604844e+04  2.356190e+06  1.191549e+06
 3.721882e+04 -7.080318e+06  7.474284e+05
-5.335214e+04  1.168767e+07  3.896327e+05
 3.797503e+04  3.925183e+06  6.547634e+05
 4.152321e+04  3.380214e+06  2.573759e+05
-3.958170e+06 -1.130906e+07  1.590813e+06
 7.573427e+04  7.061813e+06  7.489631e+05
-1.086246e+05 -4.528303e+06  8.077906e+05
-1.172887e+05 -4.418262e+06  5.759176e+05
 9.864688e+04 -5.311080e+06  1.178679e+06
-6.885744e+04  5.197131e+06  8.269744e+05
 5.355639e+04 -3.067016e+06  1.432241e+05
-2.487206e+04 -2.928215e+06 -2.024329e+05
 2.066028e+05 -8.607986e+06  1.098595e+06
 1.878693e+05 -7.908761e+06  1.249512e+06
 1.348970e+05 -1.175332e+07  5.446295e+05
 4.096508e+04 -2.663906e+06  7.433742e+05
-2.432721e+04  7.397927e+05  2.544403e+05
 1.697893e+04  5.560574e+05  2.083766e+05
-1.070975e+05  8.353107e+06  4.752453e+05
-2.176613e+04 -4.761623e+06  1.382665e+05
-1.907201e+04  6.112494e+06  1.707428e+06
 1.942735e+04 -5.810517e+06  7.462081e+05
-1.599690e+05  3.085884e+06  1.254618e+06
 9.937457e+03  1.572061e+06  2.989318e+05
-5.541546e+04  1.815404e+06  3.709609e+05
 1.371305e+06  6.327993e+06  1.367880e+06
 1.111753e+05 -1.003588e+07  3.589672e+05
 1.161018e+05  2.794754e+06  7.060611e+05
 2.080538e+05  3.403021e+06  1.867910e+06
-1.021238e+05 -2.867147e+05  1.882527e+06
-1.641011e+06 -5.886481e+06  9.921193e+04
 4.206893e+04  2.649834e+05  8.259914e+05
 1.639946e+05 -2.209208e+06 -1.061855e+06
-8.627625e+04 -2.553592e+06 -1.833062e+05
 2.353100e+04  2.508019e+06  1.126213e+06
 8.221230e+03  2.467096e+06  1.328772e+06
-1.016159e+05  1.129755e+07  5.675646e+05
 7.487445e+04  2.313593e+06  1.076735e+06
-5.629669e+04  2.914682e+06  1.460134e+06
 5.386479e+06  1.538994e+07  2.635125e+06
 2.258434e+06  2.019833e+07  2.230598e+06
 5.627307e+06 -3.440110e+06  5.497670e+06
 1.929171e+07  3.823765e+05  1.287864e+06
-3.147151e+04  6.134551e+04 -6.256058e+03
 6.718794e+04 -3.038982e+04 -4.589142e+03
-1.911298e+05  3.717447e+06  1.676635e+06
 1.320018e+04 -8.949843e+06  5.694380e+05
-2.920031e+05 -2.334901e+06  5.955117e+05
-1.913047e+05 -3.973799e+06  9.571908e+05
-1.119169e+05  2.427830e+06  1.591686e+06
-5.440203e+06 -1.554344e+07  2.640072e+06
-2.375522e+06 -2.023178e+07  2.284680e+06
-1.732575e+05  5.890942e+06  1.009186e+06
 1.462665e+04  4.559068e+06  9.265780e+05
-6.168437e+04 -1.323044e+07  5.762713e+05
 1.589454e+04  2.735576e+06  1.182739e+06
 4.667457e+04 -6.716644e+06  2.885133e+05
-1.993403e+05  7.486930e+06  8.777887e+05
-1.230427e+05  5.536129e+06  1.064727e+06
 2.385236e+04 -5.851643e+06  2.348523e+05
-1.729847e+05 -8.580623e+06  5.333016e+05
-1.360935e+05  2.427769e+06  8.581191e+05
 1.411997e+05  1.012559e+07  1.310134e+06
-1.299320e+05 -3.085564e+06  3.274160e+05
-1.142197e+05 -4.978964e+06  3.730944e+05
-2.403252e+03 -3.214604e+06  4.800646e+05
-5.283483e+04 -1.881839e+06  8.293963e+05
-1.376654e+05 -6.286462e+06  8.047187e+05
-2.083913e+06 -9.535270e+06  5.185458e+05
-1.616838e+05  1.757209e+06  1.246061e+06
-4.770876e+04  3.618677e+06  1.037692e+06
 1.657861e+05  8.528756e+06  5.296105e+05
 5.127606e+04 -9.217996e+06  2.453878e+05
-2.354570e+04  3.908595e+06  1.400681e+06
 5.085097e+05  8.704220e+06  9.457815e+05
 1.998078e+06  8.946555e+06  1.497724e+06
-9.065016e+04  1.248185e+07  1.805501e+05
-1.917424e+05 -9.876651e+06  6.219530e+05
 1.748713e+05  6.132204e+06  6.874653e+05
-9.439808e+03 -4.837653e+06  1.831405e+05
 7.223081e+04  1.170974e+07  3.374623e+05
 1.710577e+04 -5.768509e+06  1.217221e+06
-2.955656e+04  4.228555e+06  3.002789e+05
-9.775368e+04  3.537202e+06  1.191471e+06
 1.223077e+05  5.406107e+06  6.788183e+05
 1.084335e+05 -3.627486e+06  1.127282e+06
-6.033226e+04 -1.457147e+06  1.580763e+06
-9.736956e+04 -5.460509e+06  7.235265e+05
-3.054583e+04  4.476634e+06  7.283053e+05
 1.336814e+05  8.037404e+06  7.858224e+05
 4.505557e+04  7.785001e+06  1.071033e+06
-1.025522e+05 -4.271636e+06 -5.312120e+04
-7.452971e+04  3.480072e+06  1.652627e+06
-9.258743e+04  6.134740e+06  1.147288e+06
-9.769886e+04  9.344756e+06  9.526735e+05
-7.317048e+04  5.684539e+06  6.704750e+05
-1.181602e+05 -7.875343e+06  5.887803e+05
 3.138299e+04 -1.423676e+07  1.948923e+05
 8.396242e+04  5.167579e+05  2.267205e+05
 8.934884e+05  8.085387e+06  1.705547e+06
-4.522677e+04  1.003138e+07  2.753372e+05
 1.454741e+03 -5.837564e+06  2.417923e+05
-8.293108e+05 -9.620425e+06  1.606983e+06
 1.215680e+03 -5.436669e+06  1.275524e+06
 1.494268e+05  3.664685e+06  8.512639e+05
 2.149779e+04  1.914400e+06  3.299743e+05
 6.548051e+05  4.916961e+06  1.641926e+06
 8.310147e+03  3.831725e+06  1.110051e+06
 9.637025e+04  7.094644e+06  8.115937e+05
 1.017794e+05  7.165689e+03  7.512348e+04
 4.408267e+06 -1.121640e+06  3.090724e+06
 2.086048e+06  1.294300e+07  9.966759e+05
 1.068913e+04  1.611697e+06  1.141970e+06
-1.509029e+05 -1.564744e+06  1.596456e+06
-2.781760e+06 -7.947886e+06  9.904962e+05
-1.321136e+05  4.332893e+06  1.569561e+06
-1.606826e+04 -5.852869e+06 -4.719437e+05
-6.241965e+04  1.993916e+06  1.588654e+06
 8.677476e+03 -6.370443e+06  1.125621e+06
 2.451873e+04  5.652375e+06  1.242371e+06
 5.136564e+04  2.521784e+06  1.126733e+06
 5.335680e+05 -1.459281e+07  7.378622e+05
-4.867301e+05  1.468995e+07  7.871749e+05
 2.995882e+03  2.457710e+05 -7.322405e+05
 1.207465e+04  1.173157e+05  8.085029e+04
-1.933765e+04 -3.832956e+06  4.434914e+05
-8.248959e+04  3.268369e+06  7.600751e+05
 3.225966e+04  5.250340e+06  9.042160e+05
 6.122565e+05  6.558283e+06  8.188859e+05
 1.091733e+05  3.833540e+06  1.015995e+06
-9.171355e+05 -6.929248e+06  1.732329e+06
-5.521195e+04  9.025940e+06  1.011014e+06
-7.412230e+05 -5.266554e+06  6.719402e+05
-3.016862e+04 -4.914481e+06  1.824046e+06
-3.251496e+04  5.253658e+06  9.399870e+05
 1.020999e+05  3.017085e+06  8.863629e+05
 1.055289e+05 -8.521750e+06  6.466645e+05
 2.633604e+05  3.041677e+05  2.761230e+05
 5.234259e+06  4.150020e+05  2.188101e+06
 2.060395e+06  1.505916e+07  1.956149e+06
-6.010208e+04  7.179857e+06  1.061221e+06
-3.732263e+05 -4.010922e+06  1.589660e+06
-5.867297e+05 -5.492026e+06  8.081186e+05
-5.409667e+05 -1.135008e+07  9.929175e+05
-2.358123e+06 -1.517903e+07  2.120175e+06
-2.033906e+06 -1.301451e+07  1.037899e+06
-2.165518e+05 -3.224972e+06  5.337619e+05
 1.028998e+06  7.838971e+06  6.344639e+05
-1.250844e+05  9.374074e+06  6.796035e+05
 7.670763e+04 -3.167307e+06  5.602076e+05
 4.687331e+03  6.302274e+06  1.274273e+06
-1.210878e+05  2.886924e+06  8.107288e+05
-4.313405e+05 -3.185055e+06  8.375973e+05
-6.431132e+04 -7.173677e+06  4.761495e+05
