 0.000000e+00
 0.000000e+00
 0.000000e+00
 0.000000e+00
 1.706981e-03
-4.111838e-04
 1.632075e-03
 3.737361e-04
 0.000000e+00
 0.000000e+00
 0.000000e+00
 0.000000e+00
 0.000000e+00
 0.000000e+00
 0.000000e+00
 0.000000e+00
 0.000000e+00
 0.000000e+00
 0.000000e+00
 0.000000e+00
 0.000000e+00
 0.000000e+00
 0.000000e+00
 0.000000e+00
 0.000000e+00
 0.000000e+00
 1.583247e-03
-4.034557e-04
 1.491642e-03
-3.942762e-04
 1.407188e-03
-3.859230e-04
 1.326697e-03
-3.797777e-04
 1.248014e-03
-3.737267e-04
 1.170749e-03
-3.679611e-04
 1.094765e-03
-3.616615e-04
 1.019960e-03
-3.547553e-04
 9.467088e-04
-3.473954e-04
 8.747786e-04
-3.390553e-04
 8.046066e-04
-3.302481e-04
 7.362264e-04
-3.205066e-04
 6.699164e-04
-3.099271e-04
 6.056550e-04
-2.984632e-04
 5.438755e-04
-2.862206e-04
 4.846184e-04
-2.733046e-04
 4.280020e-04
-2.592154e-04
 3.742240e-04
-2.442494e-04
 3.235599e-04
-2.286751e-04
 2.761662e-04
-2.121797e-04
 2.320120e-04
-1.947561e-04
 1.915797e-04
-1.766473e-04
 1.548992e-04
-1.578733e-04
 1.218667e-04
-1.375194e-04
 9.299549e-05
-1.171692e-04
 6.818618e-05
-9.586141e-05
 4.763467e-05
-7.385163e-05
 3.082772e-05
-5.146634e-05
 1.696728e-05
-2.771478e-05
 1.679612e-03
-3.100272e-04
 1.662380e-03
-2.255325e-04
 1.650984e-03
-1.474310e-04
 1.643198e-03
-7.204177e-05
 1.637961e-03
 2.028373e-06
 1.634660e-03
 7.560569e-05
 1.632853e-03
 1.492787e-04
 1.632120e-03
 2.234779e-04
 1.631999e-03
 2.983163e-04
 1.556492e-03
 3.738131e-04
 1.480358e-03
 3.736775e-04
 1.403414e-03
 3.729813e-04
 1.326307e-03
 3.713642e-04
 1.248984e-03
 3.686401e-04
 1.172309e-03
 3.648956e-04
 1.096263e-03
 3.599819e-04
 1.021217e-03
 3.539263e-04
 9.477088e-04
 3.470149e-04
 8.755084e-04
 3.389902e-04
 8.051159e-04
 3.303287e-04
 7.365127e-04
 3.205991e-04
 6.700557e-04
 3.100348e-04
 6.058305e-04
 2.986031e-04
 5.439733e-04
 2.863232e-04
 4.847118e-04
 2.733326e-04
 4.279673e-04
 2.589794e-04
 3.742183e-04
 2.443717e-04
 3.235494e-04
 2.287293e-04
 2.761018e-04
 2.122328e-04
 2.320519e-04
 1.949058e-04
 1.915806e-04
 1.767469e-04
 1.547970e-04
 1.576941e-04
 1.218958e-04
 1.376728e-04
 9.308790e-05
 1.172580e-04
 6.812193e-05
 9.580264e-05
 4.755689e-05
 7.393945e-05
 3.072430e-05
 5.129104e-05
 1.703688e-05
 2.772554e-05
 1.218268e-03
-2.983841e-04
 7.660857e-04
 2.677650e-04
 9.766462e-04
-2.840731e-04
 5.728320e-04
-2.391038e-04
 1.046123e-04
-1.028887e-04
 2.086872e-04
-1.507047e-04
 4.028868e-04
 2.023832e-04
 1.131405e-03
 3.065680e-04
 1.345804e-04
 1.226599e-04
 2.488426e-04
 1.662512e-04
 3.437298e-04
-1.924680e-04
 7.674563e-04
-2.669453e-04
 5.712279e-04
 2.398065e-04
 1.570860e-03
 3.968476e-05
 2.202516e-06
 1.693577e-06
 1.365107e-03
 3.046289e-04
 5.063628e-05
 6.677271e-05
 2.732345e-06
-5.579386e-06
 1.578711e-03
-1.076898e-04
 9.074687e-04
 2.944952e-04
 5.146966e-05
-6.757699e-05
 4.490300e-04
-2.211695e-04
 1.366176e-03
-3.108382e-04
 3.549121e-06
 8.100594e-06
 1.567750e-03
 1.858599e-04
 1.654106e-05
-2.828851e-05
 1.522289e-03
-3.139853e-04
 1.511477e-03
 3.051676e-04
 1.721090e-05
 2.927551e-05
 1.568722e-03
 1.127682e-04
 1.502813e-03
 7.656864e-05
 1.504628e-03
 3.652728e-06
 1.435396e-03
 4.010073e-05
 1.436452e-03
-3.288382e-05
 1.366965e-03
 3.321545e-06
 1.366498e-03
 7.588415e-05
 1.298174e-03
 3.872878e-05
 1.298194e-03
-3.364318e-05
 1.230088e-03
 2.105656e-06
 1.230333e-03
 7.372585e-05
 1.162851e-03
 3.718137e-05
 1.162478e-03
-3.417675e-05
 1.095998e-03
 1.109243e-06
 1.096553e-03
 7.155371e-05
 1.030502e-03
 3.548163e-05
 1.030168e-03
-3.403665e-05
 9.655945e-04
 4.868300e-07
 9.655840e-04
-6.797956e-05
 9.019935e-04
-3.321856e-05
 9.021896e-04
 3.379748e-05
 8.396734e-04
 1.792656e-07
 8.401257e-04
 6.575594e-05
 7.787803e-04
 3.207793e-05
 7.786587e-04
-3.189733e-05
 7.189936e-04
 4.425735e-08
 7.206830e-04
 6.053882e-05
 6.610531e-04
 3.021939e-05
 6.610035e-04
-3.019363e-05
 6.044981e-04
-3.374890e-09
 9.023727e-04
-1.005296e-04
 6.034234e-04
 5.662216e-05
 5.497428e-04
 2.787551e-05
 5.499301e-04
-2.822681e-05
 4.970756e-04
-5.995531e-08
 4.975567e-04
 5.409574e-05
 4.464355e-04
 2.586077e-05
 4.464263e-04
-2.590682e-05
 3.975799e-04
-7.377359e-09
 3.980789e-04
-4.936934e-05
 3.511703e-04
-2.336432e-05
 3.513082e-04
 2.318434e-05
 3.067894e-04
-3.051138e-08
 3.073681e-04
-4.403162e-05
 2.651458e-04
-2.056111e-05
 2.651655e-04
 2.055145e-05
 2.257171e-04
-2.902041e-09
 2.252520e-04
 3.654727e-05
 1.891528e-04
 1.725423e-05
 1.892655e-04
-1.753440e-05
 1.552286e-04
-4.545761e-08
 1.559400e-04
-3.179774e-05
 1.244182e-04
-1.417900e-05
 1.244079e-04
 1.416644e-05
 9.616689e-05
 7.166555e-09
 9.690334e-05
 2.486023e-05
 7.134286e-05
 1.057304e-05
 7.133671e-05
-1.054799e-05
 1.030100e-03
-1.036867e-04
 1.906387e-04
 5.266186e-05
 5.037641e-05
 5.313646e-08
 5.131506e-05
 1.756096e-05
 5.031554e-05
-1.742235e-05
 1.031227e-03
 1.049947e-04
 2.645332e-04
 6.354626e-05
 2.663142e-04
-6.185517e-05
 1.258497e-04
-4.274874e-05
 4.474260e-04
 7.783429e-05
 4.474007e-04
-7.788550e-05
 3.103559e-05
-6.512509e-06
 3.332181e-05
-2.116314e-05
 5.235410e-05
-3.499458e-05
 3.996015e-04
-9.914354e-05
 4.989737e-04
 1.086745e-04
 1.579687e-04
-6.399103e-05
 1.097408e-03
 1.421818e-04
 1.032301e-03
 1.749821e-04
 1.258326e-04
 4.272057e-05
 9.912555e-05
 5.019668e-05
 9.029166e-04
 1.009148e-04
 8.411688e-04
 1.316723e-04
 3.091016e-04
-8.843981e-05
 2.686316e-04
-1.038113e-04
 1.293046e-04
-7.209586e-05
 4.508346e-04
 1.305430e-04
 4.051638e-04
 1.000087e-04
 3.539777e-05
-3.437529e-05
 2.282561e-04
-7.670444e-05
 9.916206e-05
-5.021315e-05
 1.289638e-04
 7.431454e-05
 4.502830e-04
-1.289565e-04
 4.991321e-04
-1.084921e-04
 9.028352e-04
 1.664276e-04
 4.065975e-04
-1.443035e-04
 8.411978e-04
 1.957488e-04
 7.717357e-04
 1.582359e-04
 5.003823e-04
 1.626531e-04
 5.598121e-04
 1.407769e-04
 5.024264e-04
-1.619715e-04
 5.517715e-04
-1.398528e-04
 1.004595e-04
 7.622542e-05
 7.551368e-05
 5.403881e-05
 8.045100e-05
 7.537014e-05
 1.607944e-04
-9.588267e-05
 1.949586e-05
-2.003512e-05
 2.337115e-05
-3.067274e-05
 5.641609e-05
 5.652834e-05
 2.285721e-04
-1.214474e-04
 2.703592e-04
-1.421149e-04
 5.655324e-05
-5.604782e-05
 1.323814e-04
-1.016169e-04
 4.522388e-04
 1.839454e-04
 1.096803e-03
 2.085474e-04
 1.164141e-03
 1.783793e-04
 1.036732e-03
 2.412793e-04
 8.876318e-06
-1.484618e-05
 5.066294e-04
 2.234039e-04
 1.660191e-04
-1.311224e-04
 1.501650e-03
 1.495505e-04
 1.503151e-03
 2.238351e-04
 1.433959e-03
 1.860663e-04
 1.436271e-03
 2.604505e-04
 1.365568e-03
 2.241958e-04
 1.292235e-03
 2.596792e-04
 1.296855e-03
 1.860551e-04
 1.227670e-03
 2.198102e-04
 1.365826e-03
 1.491288e-04
 1.506980e-03
-6.975989e-05
 1.437559e-03
-1.068851e-04
 5.507216e-04
-8.435980e-05
 6.059962e-04
-1.169624e-04
 6.044152e-04
-1.860727e-04
 6.625280e-04
-1.535496e-04
 6.646841e-04
-2.101311e-04
 7.263665e-04
-1.992099e-04
 7.209162e-04
-1.269934e-04
 7.804859e-04
-1.609481e-04
 7.793186e-04
-9.644088e-05
 7.194081e-04
-6.265251e-05
 8.406752e-04
-1.316116e-04
 8.431551e-04
-1.967764e-04
 9.035339e-04
-1.681994e-04
 9.066650e-04
-2.361908e-04
 9.695403e-04
-2.066462e-04
 1.037461e-03
-2.428400e-04
 8.412514e-04
-2.686594e-04
 9.661746e-04
-1.368547e-04
 6.048558e-04
-5.837360e-05
 5.074694e-04
-2.206299e-04
 3.954567e-04
-2.101309e-04
 3.234455e-05
 4.879449e-05
 1.952918e-05
 2.970297e-05
 3.615059e-05
 4.418575e-05
 2.265001e-05
 2.565900e-05
 1.217899e-03
 2.974826e-04
 1.509618e-03
-1.445685e-04
 1.438165e-03
-1.842165e-04
 1.367465e-03
-1.449098e-04
 1.512424e-03
-2.227884e-04
 1.367604e-03
-2.218550e-04
 1.298109e-03
-1.823637e-04
 1.295019e-03
-2.593151e-04
 1.229400e-03
-2.185584e-04
 1.229677e-03
-1.437938e-04
 1.163618e-03
-1.775499e-04
 1.441205e-03
-2.644074e-04
 2.241163e-06
-1.817568e-06
 8.980103e-06
-2.652762e-08
 9.214146e-06
 6.873929e-06
 2.122752e-05
 5.473822e-06
 8.798883e-06
-6.314197e-06
 4.975742e-04
-5.414350e-05
 5.335010e-05
 3.598485e-05
 6.998150e-04
 2.587593e-04
 7.314514e-04
 2.064954e-04
 6.644855e-04
 1.995942e-04
 6.972098e-04
 1.518592e-04
 6.292850e-04
 1.468492e-04
 6.614700e-04
 9.373294e-05
 1.574168e-03
-3.360581e-05
 5.504305e-04
 8.193480e-05
 1.162500e-03
-1.059538e-04
 1.096286e-03
-1.399118e-04
 1.132363e-03
-3.068402e-04
 9.692639e-05
-2.486264e-05
 1.679256e-04
 1.371314e-04
 8.397182e-04
 2.668008e-04
 6.344332e-04
 2.495882e-04
 7.294271e-05
 3.197350e-05
 3.244025e-05
 2.033055e-05
 7.443457e-05
-8.526026e-05
 8.205434e-05
-7.437023e-05
 2.064194e-04
 1.517668e-04
 2.231840e-04
 1.246090e-04
 2.676275e-04
 1.357053e-04
 2.429866e-04
 9.699748e-05
 1.824185e-04
 1.154079e-04
 3.015225e-05
-4.515644e-05
 1.367274e-03
-6.998973e-05
 5.998688e-04
 1.920972e-04
 1.298100e-03
-1.071949e-04
 2.948558e-04
 1.802290e-04
 3.155339e-04
 1.464561e-04
 3.451434e-04
 1.929344e-04
 3.637413e-04
 1.543445e-04
 3.337678e-04
 1.126641e-04
 2.263598e-04
-3.816914e-05
 1.229857e-03
-7.028962e-05
 1.095829e-03
-6.934582e-05
 1.584898e-03
-1.830616e-04
 7.795572e-04
 9.620849e-05
 1.163419e-03
 1.080928e-04
 1.558806e-04
 3.173724e-05
 6.616886e-04
-9.134894e-05
 8.398564e-04
-6.552959e-05
 9.660974e-04
 6.879727e-05
 3.142150e-04
-1.411057e-04
 3.074818e-04
 4.266235e-05
 9.668341e-04
 1.370282e-04
 1.905658e-04
-5.268846e-05
 9.690763e-04
 2.051384e-04
 3.991250e-04
 4.927042e-05
 1.586151e-04
 6.296135e-05
 1.931077e-04
-8.847932e-05
 3.522324e-04
-7.027718e-05
 7.250294e-05
-3.144944e-05
 3.548244e-04
-1.176558e-04
 2.545854e-06
 4.960738e-06
 1.434591e-03
 1.128681e-04
 2.883017e-04
 1.055545e-04
 1.229825e-03
 1.459241e-04
 1.297729e-03
 1.103083e-04
 3.537013e-04
 7.568294e-05
 9.789440e-04
 2.858809e-04
 1.031767e-03
-1.731536e-04
 1.955628e-04
 8.669848e-05
 1.097321e-03
-2.068092e-04
 1.570219e-03
 2.585349e-04
 6.331981e-06
 1.348746e-05
 1.593604e-03
-2.598587e-04
 1.018424e-04
 1.014133e-04
 5.073098e-06
-1.172098e-05
 9.841900e-06
 1.296494e-05
 2.488988e-04
-1.671392e-04
 1.482291e-04
 1.055009e-04
 6.327071e-04
-2.513212e-04
 7.026112e-04
-2.612663e-04
 1.047995e-04
-7.679998e-05
 1.154601e-03
-2.448833e-04
 7.508456e-05
-5.246233e-05
 2.967550e-04
-1.818112e-04
 1.157842e-03
 2.452867e-04
 7.224330e-05
 8.503237e-05
 3.833288e-05
-4.664876e-05
 4.105931e-04
 1.509353e-04
 1.055648e-03
-3.054045e-04
 3.718447e-04
-1.649501e-04
 1.057240e-03
 3.055635e-04
 7.883125e-04
-2.171533e-04
 5.477878e-04
-1.896288e-04
 7.896223e-04
 2.188283e-04
 3.946993e-05
 3.676704e-05
 1.287158e-03
-3.236714e-04
 5.475810e-04
 1.914207e-04
 1.905429e-04
-1.175838e-04
 1.349246e-04
-1.261634e-04
 1.439451e-03
 3.232668e-04
 4.529492e-04
 2.289959e-04
 9.087958e-04
-2.958773e-04
 4.576449e-04
-1.751569e-04
 8.979577e-04
 2.241070e-04
 1.290055e-03
 3.202380e-04
 1.846695e-05
 1.454432e-05
 3.645318e-05
 7.328097e-06
 1.752491e-05
-4.593444e-06
 2.378728e-06
-6.203360e-06
 1.445291e-03
-3.343600e-04
 7.276554e-04
 1.119541e-04
 3.095779e-04
 7.981104e-05
 1.533608e-05
-2.490736e-05
 5.990604e-04
 1.039108e-04
 7.440603e-06
 1.412301e-05
 1.609258e-03
-3.304707e-04
 1.576826e-03
 3.184493e-04
 7.204447e-06
-1.378527e-05
 2.217481e-04
 6.648434e-05
 1.937779e-05
-1.270909e-05
 1.020649e-05
-1.174667e-05
 1.607439e-04
 8.866768e-05
 3.728351e-04
 1.185148e-04
 1.089642e-03
 2.633718e-04
 1.091500e-03
-2.615083e-04
 1.117744e-05
 1.781064e-05
 1.221884e-04
 9.634389e-05
 4.187603e-04
-1.842321e-04
