1.000000000000000000e+00 0.000000000000000000e+00 0.000000000000000000e+00
2.000000000000000000e+00 1.000000000000000056e-01 0.000000000000000000e+00
3.000000000000000000e+00 1.000000000000000056e-01 2.999999999999999889e-01
4.000000000000000000e+00 0.000000000000000000e+00 2.999999999999999889e-01
5.000000000000000000e+00 9.999999999982482971e-03 0.000000000000000000e+00
6.000000000000000000e+00 1.999999999995600089e-02 0.000000000000000000e+00
7.000000000000000000e+00 2.999999999992727928e-02 0.000000000000000000e+00
8.000000000000000000e+00 3.999999999989584804e-02 0.000000000000000000e+00
9.000000000000000000e+00 4.999999999986849686e-02 0.000000000000000000e+00
1.000000000000000000e+01 5.999999999989426291e-02 0.000000000000000000e+00
1.100000000000000000e+01 6.999999999991973754e-02 0.000000000000000000e+00
1.200000000000000000e+01 7.999999999994737709e-02 0.000000000000000000e+00
1.300000000000000000e+01 8.999999999997286559e-02 0.000000000000000000e+00
1.400000000000000000e+01 1.000000000000000056e-01 2.900000000000150790e-01
1.500000000000000000e+01 1.000000000000000056e-01 2.800000000000252842e-01
1.600000000000000000e+01 1.000000000000000056e-01 2.700000000000324918e-01
1.700000000000000000e+01 1.000000000000000056e-01 2.600000000000614042e-01
1.800000000000000000e+01 1.000000000000000056e-01 2.500000000001120215e-01
1.900000000000000000e+01 1.000000000000000056e-01 2.400000000001409062e-01
2.000000000000000000e+01 1.000000000000000056e-01 2.300000000001697908e-01
2.100000000000000000e+01 1.000000000000000056e-01 2.200000000001987033e-01
2.200000000000000000e+01 1.000000000000000056e-01 2.100000000002275879e-01
2.300000000000000000e+01 1.000000000000000056e-01 2.000000000002565004e-01
2.400000000000000000e+01 1.000000000000000056e-01 1.900000000002854128e-01
2.500000000000000000e+01 1.000000000000000056e-01 1.800000000003035006e-01
2.600000000000000000e+01 1.000000000000000056e-01 1.700000000003324130e-01
2.700000000000000000e+01 1.000000000000000056e-01 1.600000000003612977e-01
2.800000000000000000e+01 1.000000000000000056e-01 1.500000000003847977e-01
2.900000000000000000e+01 1.000000000000000056e-01 1.400000000003659983e-01
3.000000000000000000e+01 1.000000000000000056e-01 1.300000000003392886e-01
3.100000000000000000e+01 1.000000000000000056e-01 1.200000000003110939e-01
3.200000000000000000e+01 1.000000000000000056e-01 1.100000000002828993e-01
3.300000000000000000e+01 1.000000000000000056e-01 1.000000000002547046e-01
3.400000000000000000e+01 1.000000000000000056e-01 9.000000000022870261e-02
3.500000000000000000e+01 1.000000000000000056e-01 8.000000000020443536e-02
3.600000000000000000e+01 1.000000000000000056e-01 7.000000000017481128e-02
3.700000000000000000e+01 1.000000000000000056e-01 6.000000000015059953e-02
3.800000000000000000e+01 1.000000000000000056e-01 5.000000000012819190e-02
3.900000000000000000e+01 1.000000000000000056e-01 4.000000000010255768e-02
4.000000000000000000e+01 1.000000000000000056e-01 3.000000000008234968e-02
4.100000000000000000e+01 1.000000000000000056e-01 2.000000000005630954e-02
4.200000000000000000e+01 1.000000000000000056e-01 1.000000000002814957e-02
4.300000000000000000e+01 9.000000000002764122e-02 2.999999999999999889e-01
4.400000000000000000e+01 8.000000000005529077e-02 2.999999999999999889e-01
4.500000000000000000e+01 7.000000000008294032e-02 2.999999999999999889e-01
4.600000000000000000e+01 6.000000000011058293e-02 2.999999999999999889e-01
4.700000000000000000e+01 5.000000000013687246e-02 2.999999999999999889e-01
4.800000000000000000e+01 4.000000000011003087e-02 2.999999999999999889e-01
4.900000000000000000e+01 3.000000000008349113e-02 2.999999999999999889e-01
5.000000000000000000e+01 2.000000000005477951e-02 2.999999999999999889e-01
5.100000000000000000e+01 1.000000000002821028e-02 2.999999999999999889e-01
5.200000000000000000e+01 0.000000000000000000e+00 2.900000000000150790e-01
5.300000000000000000e+01 0.000000000000000000e+00 2.800000000000252842e-01
5.400000000000000000e+01 0.000000000000000000e+00 2.700000000000324918e-01
5.500000000000000000e+01 0.000000000000000000e+00 2.600000000000614042e-01
5.600000000000000000e+01 0.000000000000000000e+00 2.500000000001120215e-01
5.700000000000000000e+01 0.000000000000000000e+00 2.400000000001409062e-01
5.800000000000000000e+01 0.000000000000000000e+00 2.300000000001697908e-01
5.900000000000000000e+01 0.000000000000000000e+00 2.200000000001987033e-01
6.000000000000000000e+01 0.000000000000000000e+00 2.100000000002275879e-01
6.100000000000000000e+01 0.000000000000000000e+00 2.000000000002565004e-01
6.200000000000000000e+01 0.000000000000000000e+00 1.900000000002854128e-01
6.300000000000000000e+01 0.000000000000000000e+00 1.800000000003035006e-01
6.400000000000000000e+01 0.000000000000000000e+00 1.700000000003324130e-01
6.500000000000000000e+01 0.000000000000000000e+00 1.600000000003612977e-01
6.600000000000000000e+01 0.000000000000000000e+00 1.500000000003847977e-01
6.700000000000000000e+01 0.000000000000000000e+00 1.400000000003659983e-01
6.800000000000000000e+01 0.000000000000000000e+00 1.300000000003392886e-01
6.900000000000000000e+01 0.000000000000000000e+00 1.200000000003110939e-01
7.000000000000000000e+01 0.000000000000000000e+00 1.100000000002828993e-01
7.100000000000000000e+01 0.000000000000000000e+00 1.000000000002547046e-01
7.200000000000000000e+01 0.000000000000000000e+00 9.000000000022870261e-02
7.300000000000000000e+01 0.000000000000000000e+00 8.000000000020443536e-02
7.400000000000000000e+01 0.000000000000000000e+00 7.000000000017481128e-02
7.500000000000000000e+01 0.000000000000000000e+00 6.000000000015059953e-02
7.600000000000000000e+01 0.000000000000000000e+00 5.000000000012819190e-02
7.700000000000000000e+01 0.000000000000000000e+00 4.000000000010255768e-02
7.800000000000000000e+01 0.000000000000000000e+00 3.000000000008234968e-02
7.900000000000000000e+01 0.000000000000000000e+00 2.000000000005630954e-02
8.000000000000000000e+01 0.000000000000000000e+00 1.000000000002814957e-02
8.100000000000000000e+01 9.049999118819587740e-02 2.463910293692261888e-01
8.200000000000000000e+01 8.507674445113654060e-03 1.847357243935285054e-01
8.300000000000000000e+01 9.080898950380393575e-02 2.144154919932751979e-01
8.400000000000000000e+01 9.117371963346396213e-02 1.552870273719118011e-01
8.500000000000000000e+01 9.032952798502341674e-02 5.640151926425598233e-02
8.600000000000000000e+01 9.084224749692200451e-02 8.564135961634425365e-02
8.700000000000000000e+01 9.664904981594210631e-03 1.262513251951367932e-01
8.800000000000000000e+01 7.450853425149270293e-03 2.347978539381634921e-01
8.900000000000000000e+01 8.163204269123829418e-03 6.558885047935997248e-02
9.000000000000000000e+01 8.660254037866327304e-03 9.500000000024080848e-02
9.100000000000000000e+01 9.116442878799010940e-02 1.149314667747161067e-01
9.200000000000000000e+01 9.133974596218064068e-02 1.850000000002945122e-01
9.300000000000000000e+01 8.660254037821691134e-03 1.550000000003730893e-01
9.400000000000000000e+01 4.500000000012346207e-02 2.913397459621555052e-01
9.500000000000000000e+01 4.499999999988178040e-02 8.660254037830385568e-03
9.600000000000000000e+01 8.885430207222910423e-03 2.650920199901906082e-01
9.700000000000000000e+01 8.983305740307829385e-03 3.481810241440636694e-02
9.800000000000000000e+01 6.605435198278654385e-02 8.889534756471100321e-03
9.900000000000000000e+01 6.500000000008976375e-02 2.913397459621734908e-01
1.000000000000000000e+02 6.798483938419647675e-03 2.046900528340334091e-01
1.010000000000000000e+02 9.106282858326603113e-02 3.516208219571881344e-02
1.020000000000000000e+02 9.203396983316217139e-02 1.344152450652207065e-01
1.030000000000000000e+02 9.114200486595007422e-02 2.651275890485572106e-01
1.040000000000000000e+02 2.556674571287442105e-02 8.185330602399475131e-03
1.050000000000000000e+02 2.508173017621848078e-02 2.913869329013206166e-01
1.060000000000000000e+02 9.208979482307773357e-02 1.434015684218297067e-02
1.070000000000000000e+02 9.099228586117849571e-02 2.836881801608781006e-01
1.080000000000000000e+02 9.056972474451419064e-03 2.840817438094229153e-01
1.090000000000000000e+02 8.467720450574423019e-03 1.504237369284872929e-02
1.100000000000000000e+02 3.501362169613288222e-02 2.913476104520120735e-01
1.110000000000000000e+02 4.000227028279512709e-02 2.826808026726265188e-01
1.120000000000000000e+02 5.000037838055310102e-02 2.826797103823803781e-01
1.130000000000000000e+02 4.500044144397335327e-02 2.740194927542268233e-01
1.140000000000000000e+02 5.500013663747493897e-02 2.740193167741353242e-01
1.150000000000000000e+02 5.000009634698156236e-02 2.653590394745761749e-01
1.160000000000000000e+02 4.000825919472845299e-02 2.653349721378879811e-01
1.170000000000000000e+02 4.503303148052092975e-02 2.566764704083018822e-01
1.180000000000000000e+02 5.500552130464111955e-02 2.566950291814226737e-01
1.190000000000000000e+02 5.000642546427114948e-02 2.480341491010464028e-01
1.200000000000000000e+02 4.004425050969197264e-02 2.480122934632771059e-01
1.210000000000000000e+02 4.500844599575040683e-02 2.393731369049323932e-01
1.220000000000000000e+02 5.500064519393631918e-02 2.393778134200200136e-01
1.230000000000000000e+02 5.000151519836319031e-02 2.307170521731601032e-01
1.240000000000000000e+02 4.000166019912836796e-02 2.307169676383158952e-01
1.250000000000000000e+02 4.500052923300987967e-02 2.220573943957007135e-01
1.260000000000000000e+02 5.500034073862825751e-02 2.220575078615716069e-01
1.270000000000000000e+02 5.000014499535965218e-02 2.133973721114560129e-01
1.280000000000000000e+02 6.000008095572965938e-02 2.133974107370552042e-01
1.290000000000000000e+02 5.500003765859366039e-02 2.047371828514515102e-01
1.300000000000000000e+02 4.500003044243112288e-02 2.047371872101504120e-01
1.310000000000000000e+02 5.000001135026173327e-02 1.960769446950859918e-01
1.320000000000000000e+02 4.000000696556602064e-02 1.960769473419914921e-01
1.330000000000000000e+02 4.500000305274076684e-02 1.874166956657843108e-01
1.340000000000000000e+02 5.500000240060502060e-02 1.874166960593922071e-01
1.350000000000000000e+02 5.000000090900116878e-02 1.787564429219228868e-01
1.360000000000000000e+02 4.029915386753248063e-02 1.789476709215485906e-01
1.370000000000000000e+02 4.500000000015898227e-02 1.700961894326769031e-01
1.380000000000000000e+02 5.500000015164655670e-02 1.700961893412515080e-01
1.390000000000000000e+02 5.000000002541116206e-02 1.614359353796130103e-01
1.400000000000000000e+02 6.500001976914240864e-02 2.047371936477601073e-01
1.410000000000000000e+02 4.030893314922182752e-02 1.612069979489522131e-01
1.420000000000000000e+02 4.505148886253926982e-02 1.527375251134955869e-01
1.430000000000000000e+02 5.500858148143990267e-02 1.527693219805608960e-01
1.440000000000000000e+02 5.001001172410422801e-02 1.441080080491821958e-01
1.450000000000000000e+02 4.001025009787412268e-02 1.441078314002590122e-01
1.460000000000000000e+02 4.500337697043482743e-02 1.354526707498457938e-01
1.470000000000000000e+02 5.500223144920179941e-02 1.354535196477545944e-01
1.480000000000000000e+02 5.000093473671429756e-02 1.267942265493048892e-01
1.490000000000000000e+02 6.000052769776868800e-02 1.267945281888591125e-01
1.500000000000000000e+02 5.500024373919353005e-02 1.181344845808294935e-01
1.510000000000000000e+02 4.503551258261757201e-02 1.181549094526431060e-01
1.520000000000000000e+02 5.000595938707801114e-02 1.094777551048087966e-01
1.530000000000000000e+02 6.000103385450179100e-02 1.094749383864811049e-01
1.540000000000000000e+02 5.500116554037912803e-02 1.008148023225394069e-01
1.550000000000000000e+02 4.500118748800920748e-02 1.008148219848579996e-01
1.560000000000000000e+02 5.000000000016509988e-02 9.215390309205581665e-02
1.570000000000000000e+02 4.040320820826821813e-02 9.192133579978557789e-02
1.580000000000000000e+02 4.506720136817741335e-02 8.345488783881666039e-02
1.590000000000000000e+02 5.501120022817804212e-02 8.348718885163314285e-02
1.600000000000000000e+02 5.001306693283862764e-02 7.482585811334588333e-02
1.610000000000000000e+02 6.000105282368951853e-02 7.483278775610059663e-02
1.620000000000000000e+02 5.500235329287307684e-02 6.617178361793991936e-02
1.630000000000000000e+02 4.500257003772385744e-02 6.617165860122195542e-02
1.640000000000000000e+02 5.000082055521296726e-02 5.751241365098824776e-02
1.650000000000000000e+02 4.000056509892616768e-02 5.751256099613762801e-02
1.660000000000000000e+02 4.500023094246891758e-02 4.885249969708047729e-02
1.670000000000000000e+02 5.500017524973203897e-02 4.885253182021388058e-02
1.680000000000000000e+02 6.495799694972018146e-02 2.220333801625050951e-01
1.690000000000000000e+02 3.500000000013719220e-02 8.349364905419408289e-02
1.700000000000000000e+02 5.000006769881525093e-02 4.059800778339830302e-02
1.710000000000000000e+02 4.000004977365542724e-02 4.066562945023242254e-02
1.720000000000000000e+02 6.000004049154501057e-02 4.025996683757208927e-02
1.730000000000000000e+02 3.500036490547848295e-02 2.220574937724232867e-01
1.740000000000000000e+02 3.455040336344796653e-02 1.004212511198368935e-01
1.750000000000000000e+02 6.500036656594550266e-02 1.008143525318064004e-01
1.760000000000000000e+02 6.500056768622655690e-02 6.617281354168309815e-02
1.770000000000000000e+02 3.500227117815127992e-02 1.354534902062642931e-01
1.780000000000000000e+02 6.500045985794504488e-02 1.354548324999710895e-01
1.790000000000000000e+02 5.491148198347684667e-02 3.151513545455562199e-02
1.800000000000000000e+02 6.542184309929786890e-02 3.179262290776541794e-02
1.810000000000000000e+02 6.988990323648924807e-02 4.014289971023148745e-02
1.820000000000000000e+02 7.000000000017811419e-02 1.267949192434905115e-01
1.830000000000000000e+02 3.000208687943442878e-02 1.441138808201826993e-01
1.840000000000000000e+02 7.000027008512441085e-02 7.483323923350053419e-02
1.850000000000000000e+02 3.000033751756293887e-02 2.307177643730267125e-01
1.860000000000000000e+02 2.500003047459941133e-02 2.220576952986763053e-01
1.870000000000000000e+02 3.500052252286937199e-02 6.617283959151884498e-02
1.880000000000000000e+02 3.000000000014432094e-02 5.751288694061561235e-02
1.890000000000000000e+02 3.500000623479074258e-02 2.047372018209598910e-01
1.900000000000000000e+02 3.000000057287202995e-02 1.960769512004791049e-01
1.910000000000000000e+02 7.000023340353962731e-02 1.094745316045449973e-01
1.920000000000000000e+02 7.500009999505954927e-02 1.008142097696971967e-01
1.930000000000000000e+02 7.500013962870452633e-02 6.636049493020992895e-02
1.940000000000000000e+02 2.500072634302737129e-02 1.357061656589109988e-01
1.950000000000000000e+02 2.992446872827203910e-02 1.277766333539457067e-01
1.960000000000000000e+02 7.483487098524942149e-02 3.144195956172866208e-02
1.970000000000000000e+02 7.000007776030167661e-02 9.215394443233644595e-02
1.980000000000000000e+02 7.000000000020308033e-02 5.751288694062001855e-02
1.990000000000000000e+02 2.421031954232839151e-02 6.622275237518729374e-02
2.000000000000000000e+02 7.470092343593799644e-02 1.356278326691549019e-01
2.010000000000000000e+02 6.995023054909554894e-02 1.441441470869276875e-01
2.020000000000000000e+02 2.530186708331171042e-02 2.045629225125155104e-01
2.030000000000000000e+02 7.880805255948279686e-02 1.276630877659755969e-01
2.040000000000000000e+02 2.036305798419792840e-02 1.958604048075411885e-01
2.050000000000000000e+02 2.531760890822491034e-02 1.861097714109865020e-01
2.060000000000000000e+02 2.022660538145032091e-02 1.439725811274600031e-01
2.070000000000000000e+02 2.529990917630205172e-02 1.539556859715049131e-01
2.080000000000000000e+02 7.960659595859535809e-02 1.443193703402617933e-01
2.090000000000000000e+02 7.466673692590827804e-02 1.526646933520746929e-01
2.100000000000000000e+02 1.966933901382132005e-02 5.666233466612963232e-02
2.110000000000000000e+02 2.494488983575560842e-02 4.871087419034218768e-02
2.120000000000000000e+02 1.583895334992481072e-02 4.893469609585582997e-02
2.130000000000000000e+02 7.972144923346839718e-02 7.470373392629765796e-02
2.140000000000000000e+02 7.031928535513318201e-02 2.307104621072298897e-02
2.150000000000000000e+02 7.977666624996306022e-02 2.337827876857214923e-02
2.160000000000000000e+02 1.857854628184345963e-02 3.996402849815788166e-02
2.170000000000000000e+02 8.155655860482709241e-02 9.139688279881831579e-02
2.180000000000000000e+02 8.406112396291315347e-02 1.004405258744866941e-01
2.190000000000000000e+02 8.106026515629577434e-02 4.010781824260543221e-02
2.200000000000000000e+02 8.485872235181041168e-02 6.607941573503027521e-02
2.210000000000000000e+02 1.500000000014277933e-02 1.354551732813369935e-01
2.220000000000000000e+02 2.068166659031225874e-02 2.304997531158098911e-01
2.230000000000000000e+02 2.524212007910756062e-02 2.393480015645914061e-01
2.240000000000000000e+02 1.567986837485388016e-02 2.224736314279812943e-01
2.250000000000000000e+02 7.507435083199548442e-02 1.427346803779980071e-02
2.260000000000000000e+02 9.559607320355408347e-03 1.444424161054845002e-01
2.270000000000000000e+02 9.000000000024097058e-02 7.483339501634465873e-02
2.280000000000000000e+02 3.001627035926585085e-02 2.826888856205186928e-01
2.290000000000000000e+02 1.994089234451609099e-02 2.829698176168887747e-01
2.300000000000000000e+02 2.499286045074922136e-02 2.739951627025595804e-01
2.310000000000000000e+02 1.494939110576849056e-02 2.743028451065459006e-01
2.320000000000000000e+02 1.968747814203661989e-02 2.652093294385151068e-01
2.330000000000000000e+02 1.466966792847843037e-02 2.557574360962217019e-01
2.340000000000000000e+02 2.469303852782427089e-02 2.564275613067270032e-01
2.350000000000000000e+02 1.981291063854279111e-02 2.474961020606565032e-01
2.360000000000000000e+02 2.992857827609246915e-02 2.652625654920947040e-01
2.370000000000000000e+02 6.000008583639036136e-02 2.826795414819495145e-01
2.380000000000000000e+02 6.500003707901221006e-02 2.740192592940506877e-01
2.390000000000000000e+02 6.493759149282851695e-02 1.527609100880787940e-01
2.400000000000000000e+02 6.993405473657096638e-02 1.614149755158756916e-01
2.410000000000000000e+02 8.158265999225935983e-02 1.607905956617763921e-01
2.420000000000000000e+02 7.525278578824576292e-02 1.699851394973430907e-01
2.430000000000000000e+02 8.437025500089839758e-02 1.699693885299566887e-01
2.440000000000000000e+02 8.161958946617860200e-02 1.793408507366933968e-01
2.450000000000000000e+02 7.031206254252472809e-02 1.788353363589834100e-01
2.460000000000000000e+02 7.500000000015653867e-02 1.874166975083348952e-01
2.470000000000000000e+02 6.505201082395947743e-02 1.874298460815859990e-01
2.480000000000000000e+02 6.006067947132055079e-02 1.787717833659706046e-01
2.490000000000000000e+02 7.000867176560901517e-02 1.960791409856592060e-01
2.500000000000000000e+02 7.974786427578459125e-02 1.962237215220881126e-01
2.510000000000000000e+02 7.495942596848338690e-02 2.047620301638440887e-01
2.520000000000000000e+02 8.480788517525662817e-02 2.049792758079009014e-01
2.530000000000000000e+02 7.996365034355831791e-02 2.137066672821469060e-01
2.540000000000000000e+02 8.445804140999989273e-02 2.227737787462998886e-01
2.550000000000000000e+02 9.038643437214313736e-02 1.956425893222127066e-01
2.560000000000000000e+02 6.998389273532594490e-02 2.134045700107873034e-01
2.570000000000000000e+02 5.998003798134725340e-02 1.614289202896778963e-01
2.580000000000000000e+02 8.992328017563550047e-02 1.446271719580342896e-01
2.590000000000000000e+02 9.219011829746237563e-02 1.247127251547603954e-01
2.600000000000000000e+02 8.660254037864297677e-03 2.500000000006263878e-02
2.610000000000000000e+02 1.647161982587342158e-02 1.982244292233863170e-02
2.620000000000000000e+02 1.732050807571795109e-02 3.000000000007962964e-02
2.630000000000000000e+02 2.591854541811259086e-02 2.450811645851519102e-02
2.640000000000000000e+02 9.232483091018985413e-03 2.461014840139585103e-01
2.650000000000000000e+02 7.000002048593514936e-02 2.826795037518664011e-01
2.660000000000000000e+02 7.515732534795092901e-02 2.739886053912922725e-01
2.670000000000000000e+02 7.002622707119442180e-02 2.653538820007451116e-01
2.680000000000000000e+02 8.006955197319509665e-02 2.827262329088904846e-01
2.690000000000000000e+02 8.000000000002013834e-02 2.653589838486938857e-01
2.700000000000000000e+02 7.500437117856148528e-02 2.566978795028848070e-01
2.710000000000000000e+02 8.498613227782833568e-02 2.562727272724548144e-01
2.720000000000000000e+02 7.996437943993650599e-02 2.479502517093259972e-01
2.730000000000000000e+02 6.999479176979524209e-02 2.480236300444368935e-01
2.740000000000000000e+02 7.473924774534460025e-02 2.395076600687791879e-01
2.750000000000000000e+02 8.519569394770920567e-02 2.743149318930567238e-01
2.760000000000000000e+02 5.517572533035532134e-02 8.698467490949501196e-03
2.770000000000000000e+02 5.002928755493354918e-02 1.692120901800377858e-02
2.780000000000000000e+02 3.992326382809995022e-02 1.669273150205667980e-02
2.790000000000000000e+02 4.499999999983164689e-02 2.598076211349207090e-02
2.800000000000000000e+02 5.937656081132031832e-02 1.637472407412656969e-02
2.810000000000000000e+02 5.999227096561159794e-02 1.441152721693025884e-01
2.820000000000000000e+02 2.976109675575096952e-02 4.051686702814275703e-02
2.830000000000000000e+02 8.634824105703677727e-03 1.749559540658608969e-01
2.840000000000000000e+02 1.732050807564087039e-02 1.800000000003114942e-01
2.850000000000000000e+02 1.731626975362398138e-02 1.699926590112608993e-01
2.860000000000000000e+02 2.545501134901165946e-02 1.751837384039179046e-01
2.870000000000000000e+02 2.537421620400677133e-02 1.648817639257368073e-01
2.880000000000000000e+02 3.451832572278384220e-02 1.700346108456579908e-01
2.890000000000000000e+02 5.500007736956735727e-02 2.913397906314431074e-01
2.900000000000000000e+02 3.548087514725673658e-02 1.527134035702377990e-01
2.910000000000000000e+02 6.495578078488625784e-02 2.393972524501883914e-01
2.920000000000000000e+02 6.982564204862728996e-02 2.307573528274602104e-01
2.930000000000000000e+02 9.231554397194005612e-02 2.351685104549545990e-01
2.940000000000000000e+02 6.000065279740451202e-02 5.751251041236841999e-02
2.950000000000000000e+02 8.442870569901663944e-03 7.509814174672205245e-02
2.960000000000000000e+02 9.840777511243124429e-03 1.953417199513315938e-01
2.970000000000000000e+02 8.655309328798837035e-03 1.649914355130915056e-01
2.980000000000000000e+02 3.498728101179397754e-02 4.888107248028038254e-02
2.990000000000000000e+02 3.500000000016992296e-02 3.153212482705745195e-02
3.000000000000000000e+02 9.099375047118943294e-02 4.519897853609584210e-02
3.010000000000000000e+02 8.326021588805114504e-02 4.971469636697720129e-02
3.020000000000000000e+02 8.624023459872242475e-03 8.501635695797134240e-02
3.030000000000000000e+02 1.723724148983164089e-02 9.000272615985432934e-02
3.040000000000000000e+02 1.730129424455678980e-02 1.000004543601906992e-01
3.050000000000000000e+02 2.549552329124573150e-02 9.519704435397642606e-02
3.060000000000000000e+02 1.647115011666789100e-02 7.994452727490578003e-02
3.070000000000000000e+02 9.001362640762540501e-02 2.420365255631002147e-02
3.080000000000000000e+02 6.000533640656154771e-02 2.653575427559666799e-01
3.090000000000000000e+02 1.732050807564368064e-02 1.600000000003602985e-01
3.100000000000000000e+02 6.500604128847302376e-02 2.566944065430846744e-01
3.110000000000000000e+02 8.657051732670933281e-03 1.050000757269241025e-01
3.120000000000000000e+02 1.731143598614677884e-02 1.100000883480442004e-01
3.130000000000000000e+02 8.825650129358464033e-03 1.152085815451669992e-01
3.140000000000000000e+02 1.768577850661157136e-02 1.194847026828259051e-01
3.150000000000000000e+02 2.543177221900343871e-02 1.141443778942627940e-01
3.160000000000000000e+02 6.000213501586017240e-02 9.215297338076153255e-02
3.170000000000000000e+02 6.000000000008436779e-02 2.480384757730522971e-01
3.180000000000000000e+02 5.995698681902691951e-02 2.307233931491509127e-01
3.190000000000000000e+02 7.492986523377290209e-02 2.913947250367062147e-01
3.200000000000000000e+02 3.500000000018173990e-02 1.874166975083133013e-01
3.210000000000000000e+02 3.505550451220747210e-02 2.393642887106031125e-01
3.220000000000000000e+02 4.001389347698045690e-02 7.482538136923826133e-02
3.230000000000000000e+02 6.508993677860930305e-02 1.700887240615170104e-01
3.240000000000000000e+02 6.001012562802854333e-02 1.960795007201558138e-01
3.250000000000000000e+02 4.000017930187663162e-02 2.133973514887428924e-01
3.260000000000000000e+02 8.155324470218285049e-02 1.098442555298114048e-01
3.270000000000000000e+02 4.031763635019063041e-02 1.095176826785475011e-01
3.280000000000000000e+02 3.005040800004616861e-02 2.133683540858470062e-01
3.290000000000000000e+02 6.500245598556023130e-02 8.349229711808847654e-02
3.300000000000000000e+02 2.022738993118112019e-02 2.134854779157394911e-01
3.310000000000000000e+02 4.002974353591985668e-02 1.269814890531164864e-01
3.320000000000000000e+02 3.037237394767186918e-02 7.504409352914165332e-02
3.330000000000000000e+02 7.500000000020763669e-02 8.349364905419864868e-02
3.340000000000000000e+02 6.500033978256120060e-02 1.181346778683080023e-01
3.350000000000000000e+02 6.480138460048316673e-02 4.875141127371703659e-02
3.360000000000000000e+02 7.495596172154847525e-02 1.182228715027547061e-01
3.370000000000000000e+02 3.508166825676856809e-02 8.349626979650078690e-03
3.380000000000000000e+02 3.500000000015628804e-02 2.740192378864892975e-01
3.390000000000000000e+02 2.536521456084376083e-02 1.049572617464590019e-01
3.400000000000000000e+02 3.000627626807233009e-02 2.478728960977074069e-01
3.410000000000000000e+02 3.512798559578762803e-02 2.565913847049339225e-01
3.420000000000000000e+02 3.388170135792732685e-02 1.183856521086088937e-01
3.430000000000000000e+02 8.876310610395468648e-03 2.145520371153555039e-01
3.440000000000000000e+02 7.477817075049178475e-02 2.221714714189002016e-01
3.450000000000000000e+02 2.564092365344092933e-02 8.414140194858027444e-02
3.460000000000000000e+02 7.905342013079329211e-02 2.308050494035742972e-01
3.470000000000000000e+02 1.530678781039480039e-02 2.917872462482620222e-01
3.480000000000000000e+02 1.581952675510941986e-02 9.412258104510774770e-03
3.490000000000000000e+02 8.457961934818321315e-02 2.916554679221263213e-01
3.500000000000000000e+02 9.579558747115269127e-03 5.541134803077184257e-02
3.510000000000000000e+02 8.405188123304288550e-02 8.267771363251553984e-03
3.520000000000000000e+02 3.065176864179414845e-02 1.610423684174693004e-02
3.530000000000000000e+02 9.156639795256935055e-02 9.498452381705263514e-02
3.540000000000000000e+02 1.587433362239279097e-02 7.073025500220542217e-02
3.550000000000000000e+02 9.167848797610658740e-02 1.647291388405749957e-01
3.560000000000000000e+02 9.169456071378184747e-02 1.753900654328119091e-01
3.570000000000000000e+02 7.984002318292271472e-02 5.818023694246154953e-02
3.580000000000000000e+02 8.386149214205645963e-02 2.382404223942864996e-01
3.590000000000000000e+02 7.437217673732909873e-02 4.865657650878230794e-02
3.600000000000000000e+02 9.157169333487204244e-02 1.053624015401552066e-01
3.610000000000000000e+02 1.596968071213443127e-02 2.383991562767618921e-01
3.620000000000000000e+02 8.251065170112946434e-03 4.413112637146637818e-02
3.630000000000000000e+02 8.334965147647993566e-02 3.085875826498701152e-02
3.640000000000000000e+02 2.000000000014370838e-02 1.283041030830175955e-01
3.650000000000000000e+02 9.287385381314840205e-02 2.250000000001844969e-01
3.660000000000000000e+02 8.416517539773202272e-02 1.208957344547264973e-01
3.670000000000000000e+02 6.955234963799458887e-03 2.250000000001844136e-01
3.680000000000000000e+02 8.347851388855759280e-02 1.882951279244214071e-01
3.690000000000000000e+02 8.340574039719576838e-02 1.516347199658668876e-01
3.700000000000000000e+02 1.626992538488410134e-02 1.884095241127398956e-01
3.710000000000000000e+02 2.504309464292042015e-02 3.337591230030535761e-02
3.720000000000000000e+02 9.326017643051194572e-02 2.551453220372574271e-01
3.730000000000000000e+02 1.628363423545402949e-02 1.515696574673623120e-01
3.740000000000000000e+02 8.342405106713321472e-02 8.201380408240072084e-02
3.750000000000000000e+02 9.303765006741496202e-02 6.546286600319127513e-02
3.760000000000000000e+02 6.578358757488564357e-03 2.746953217812435066e-01
3.770000000000000000e+02 6.673572757265507256e-03 1.350000000003525880e-01
3.780000000000000000e+02 9.333103130322260854e-02 2.050000000002419054e-01
3.790000000000000000e+02 8.320508075697317929e-02 1.364914703895901971e-01
3.800000000000000000e+02 1.681119569157513149e-02 2.036915112639949010e-01
3.810000000000000000e+02 6.557516245344063854e-03 2.553901880201088770e-01
3.820000000000000000e+02 3.507345267374663289e-02 2.308098569743506981e-02
3.830000000000000000e+02 4.498231989118982310e-02 3.405833192574717061e-02
3.840000000000000000e+02 5.468743535396897865e-02 2.328576653494947996e-02
3.850000000000000000e+02 7.499999999993355038e-02 6.226246238676729806e-03
3.860000000000000000e+02 9.356513942153697749e-02 2.747329573003723935e-01
3.870000000000000000e+02 3.214082615221720840e-02 1.798318140738051074e-01
3.880000000000000000e+02 3.196406348181955737e-02 1.096267049075144023e-01
3.890000000000000000e+02 8.399193582708433525e-02 1.657045701788277883e-02
3.900000000000000000e+02 3.220435269865114247e-02 1.603625778636577903e-01
3.910000000000000000e+02 7.320508075704810352e-03 7.320508075717049694e-03
3.920000000000000000e+02 9.267949192432191341e-02 2.926794919243185800e-01
3.930000000000000000e+02 7.320508075683454172e-03 2.926794919243282944e-01
3.940000000000000000e+02 9.286002206100796297e-02 7.074880284970836396e-03
3.950000000000000000e+02 3.241806176100456988e-02 9.075783448349541982e-02
3.960000000000000000e+02 6.239965357415105246e-02 2.411347892728627970e-02
3.970000000000000000e+02 6.700514583454553197e-02 1.659196115576359876e-02
3.980000000000000000e+02 2.250318905373822898e-02 7.489007513220340140e-02
3.990000000000000000e+02 2.538474416239161133e-02 1.216190938245322040e-01
4.000000000000000000e+02 1.303223926430091030e-02 2.294160158303600039e-01
4.010000000000000000e+02 8.656579454429874643e-02 2.299033857067979969e-01
4.020000000000000000e+02 2.291009322080036006e-02 1.551515143827155059e-02
4.030000000000000000e+02 1.546634226880734021e-02 6.297731935256319080e-02
4.040000000000000000e+02 8.619742644590772107e-02 1.294059451869294941e-01
